28482189.090909 10143986.590909 11538024.181818
11434923.636364 8707008.181818 1233189.636364
16897863.636364 4789111.590909 8408278.909091
7614833.636364 10847250.909091 8356601.818182
17075307.272727 17351248.863636 26904.909091
14097003.030303 3966702.954545 8983031.090909
7948546.666667 19556567.045455 6883556.000000
3084575.757576 20037708.181818 9221190.363636
23178012.424242 9988075.454545 551812.363636
13874795.151515 16420016.590909 7639631.454545
21991570.000000 2937473.863636 12171336.727273
23814926.666667 973672.045455 2663527.818182
25757196.969697 2567947.045455 12789594.727273
21556231.212121 9592728.181818 12550631.636364
14935353.333333 11328613.863636 13621031.454545
12231565.151515 9038067.954545 14926353.454545
13742930.909091 21818063.409091 9885024.545455
13700690.000000 1870129.318182 15739940.545455
21313166.666667 5037653.863636 10086918.181818
7390293.030303 7301779.318182 2409794.545455
29418792.121212 7413101.136364 15621615.090909
15949814.848485 17301046.590909 14065279.818182
6424999.696970 13834847.045455 4643644.181818
2152888.181818 12468695.909091 2950397.636364
26417386.060606 17762805.681818 4865236.363636
17129504.242424 7224317.272727 7366223.818182
16801385.757576 15827233.636364 4050173.818182
17424708.484848 12314683.863636 14961030.909091
4595364.545455 15779432.954545 3437800.181818
4741583.030303 12009740.681818 17628619.818182
24693010.000000 1233479.545455 5381571.818182
12022306.969697 13551118.409091 7066861.090909